"susp.oper.x" "susp.oper.y" "susp.oper.z" "oper.inop.x" "oper.inop.y" "oper.inop.z" "inop.ljaw.x" "inop.ljaw.y" "inop.ljaw.z" "ljaw.susp.x" "ljaw.susp.y" "ljaw.susp.z" "gape.1.x" "gape.1.y" "gape.1.z" "gape.2.x" "gape.2.y" "gape.2.z" "nc.left.x" "nc.left.y" "nc.left.z" "nc.right.x" "nc.right.y" "nc.right.z" "nc.mid.x" "nc.mid.y" "nc.mid.z" "time"
"1" 0 0 0 -0.0000000000000331904645659439 -32.8604295646968 4.18958763362113e-15 -30.0714293630658 -31.1149899118317 -6.22526644319367 -30.6187779004427 -24.3444407552065 -0.0000000000000183186799063151 -121.891287500674 19.3133898243932 0.799493539081941 -120.185440911485 20.9048314936823 15.5441026158734 -27.8199260562443 3.99035714082307 -5.9714303306481 -29.8295998417859 6.53244988101488 -19.9946021125943 4.69510366815982 1.19228971315981 -18.9951815372617 -66.7
"2" 8.26978351867872e-15 9.59467639883572e-15 8.70455428817666e-15 -0.0000000000000331904645659439 -32.8604295646968 4.18958763362113e-15 -30.0321211633378 -31.0494416860619 -6.62886715619177 -30.5870162622694 -24.3263849436709 -0.351704801801665 -121.960796043632 19.2022417874264 0.828036074609381 -120.368892471711 20.9226895986363 15.4984669594405 -27.7780512378985 3.99998754128321 -6.21857523748514 -29.7558432205234 6.56669862319228 -20.2420434884375 4.75756363774757 1.16684290734878 -19.1839153317265 -63.3
"3" -9.65304365257815e-15 8.04948126071281e-15 2.98328132857141e-16 -0.0000000000000331904645659439 -32.8604295646968 4.18958763362113e-15 -30.06355027699 -30.8259232536099 -6.66672493173714 -30.5705986996631 -24.19504982474 -0.289558903518076 -122.020687122888 19.085445239638 0.813690864597547 -120.560766495554 20.9313323858355 15.4879473965446 -27.8150797906774 4.1255829442853 -5.82570608493706 -29.868772995202 6.75877246774058 -19.8254916138391 4.6329070860431 1.24421792324728 -18.9982602821538 -60
"4" -2.04607025829279e-16 8.51216383064231e-17 -8.91724678763986e-15 -0.0000000000000331904645659439 -32.8604295646968 4.18958763362113e-15 -30.1396662772985 -30.6438473624162 -6.17118852102341 -30.5904114075431 -24.0738736000056 0.273315653790728 -122.089075967852 18.9460558015608 0.775317560896003 -120.648426968734 20.8032552378568 15.5337500777713 -27.9097091166044 4.26094760156229 -5.04370235078046 -30.1057625623278 6.96504013891192 -19.0088351114447 4.3926671015771 1.38794329210472 -18.5712463149226 -56.7
"5" 0.0000000000000142751856914561 -7.72708011926876e-15 8.40141097107192e-15 -0.0000000000000331904645659439 -32.8604295646968 4.18958763362113e-15 -30.2017875592674 -30.6757533573131 -5.38672592547396 -30.6271254438779 -24.0993702141065 1.05236495024468 -122.157773062249 18.8144568315751 0.755431376742977 -120.592716682888 20.542395955323 15.6060051728643 -28.0082236467517 4.27996479440725 -4.33074108694758 -30.3456566116923 7.03307128547982 -18.2624528379573 4.16364221370344 1.50678838304643 -18.1857398383317 -53.3
"6" -8.12468504709548e-16 8.86223655191852e-15 1.03238687972951e-16 -0.0000000000000331904645659439 -32.8604295646968 4.18958763362113e-15 -30.2345436995728 -30.9076236179559 -4.87843036430729 -30.6673286560766 -24.2750124107624 1.50296009511732 -122.219559584214 18.7300555284047 0.790153930314538 -120.498489135719 20.2905296002681 15.6404509062123 -28.0651095362296 4.15187666982224 -4.11939332159721 -30.4635719101119 6.90479273112615 -18.0409038481344 4.06340829739834 1.49226035415807 -18.0955514726809 -50
"7" -5.23275607864385e-15 8.45585890631566e-15 2.00783410415046e-16 -0.0000000000000331904645659439 -32.8604295646968 4.18958763362113e-15 -30.2632811104476 -31.1430507287539 -5.06767622745228 -30.721358450373 -24.4568478206263 1.25567788963558 -122.293261401321 18.6723720415146 0.85141295002074 -120.568962928721 20.1759520171422 15.6109649443829 -28.049683434196 3.98414993134036 -4.57428815183194 -30.3811704996072 6.66917494698379 -18.5201903567518 4.15411266754615 1.30948040333074 -18.3744623674334 -46.7
"8" 0.0000000000000180454998585074 -7.07052546414709e-15 -0.0000000000000182870447179816 -0.0000000000000331904645659439 -32.8604295646968 4.18958763362113e-15 -30.3049876022566 -31.1709604988376 -5.84492580337681 -30.8052879544039 -24.4764323018023 0.465976128472612 -122.371643476608 18.5301674353697 0.803639105033354 -120.871196361054 20.1767951442823 15.5738941807478 -27.9514480259913 3.94343832380139 -5.43579588806327 -30.1238652392237 6.52627343467231 -19.4267359158707 4.38977225361175 1.05490863689872 -18.8654487982348 -43.3
"9" -9.65304365257815e-15 8.04948126071281e-15 2.98328132857141e-16 -0.0000000000000331904645659439 -32.8604295646968 4.18958763362113e-15 -30.3823075711317 -30.9117538729099 -6.72124916691811 -30.9470907386625 -24.2688985605096 -0.361459841587458 -122.534037635701 18.1376877592715 0.457912043694133 -121.378080145591 20.136466648351 15.6501597784313 -27.809549051084 4.12969143573804 -6.19520779158743 -29.8223295924757 6.65014745804701 -20.2217158150337 4.63367694840961 0.874975961388225 -19.2908918602762 -40
"10" 8.12468504709548e-16 -8.86223655191852e-15 -1.03238687972951e-16 -0.0000000000000331904645659439 -32.8604295646968 4.18958763362113e-15 -30.5071444443147 -30.4450619930668 -7.24779463920175 -31.1803380742015 -23.8924428514921 -0.80553424302493 -122.853765598518 17.3930335818261 -0.291491416269777 -121.971719209957 19.8907939834789 15.9465237489024 -27.6843203580824 4.51623233091995 -6.51148923397865 -29.587732042156 7.0456663302033 -20.5514244305599 4.7828811198042 0.814069485833499 -19.4289381328588 -36.7
"11" 9.08225202338827e-15 7.32439846917201e-16 8.60131560020371e-15 -0.0000000000000331904645659439 -32.8604295646968 4.18958763362113e-15 -30.6500804168896 -29.9308052250373 -7.25841180831429 -31.5115194420065 -23.4492459264084 -0.766696282017482 -123.371116227219 16.3147668059692 -1.37224767327965 -122.606219293356 19.3796143390702 16.4713618337515 -27.5865297150421 4.98951175039255 -6.48080648251381 -29.3955324006848 7.53865666035419 -20.5301220317267 4.8679150052312 0.765698496590326 -19.2683006529426 -33.3
"12" -8.12468504709548e-16 8.86223655191852e-15 1.03238687972951e-16 -0.0000000000000331904645659439 -32.8604295646968 4.18958763362113e-15 -30.770598415766 -29.4639715163118 -6.81485556571991 -31.9149806738991 -22.9847748039433 -0.364255121528414 -124.03152747247 15.0120550517081 -2.58810593494367 -123.241671746478 18.6939788997756 17.1366003054329 -27.4872605674929 5.44589383920468 -6.45351994084335 -29.1595434384313 7.94390238100985 -20.5286675267351 4.97499316172435 0.598859231047371 -18.9982655756821 -30
"13" 0.0000000000000118364081801959 0.0000000000000103359709808813 -0.0000000000000268611605347604 -0.0000000000000331904645659439 -32.8604295646968 4.18958763362113e-15 -30.8559688179887 -28.9865590929254 -6.05450680862179 -32.359910090081 -22.4605723766718 0.274100055750369 -124.769969284594 13.5871058051436 -3.75262497077858 -123.937151375225 18.0125517846518 17.8302646138504 -27.3643050478456 5.85070474077278 -6.61462699891309 -28.8762695724011 8.22327780554364 -20.7295612523487 5.10978719099988 0.300933945203947 -18.8331495548731 -26.7
"14" 3.58790786393676e-15 9.26678366758622e-15 6.13335617248721e-18 -0.0000000000000331904645659439 -32.8604295646968 4.18958763362113e-15 -30.9039836846417 -28.3908284906989 -5.15674341431843 -32.8071879172885 -21.8375922761075 1.03547968720202 -125.57111770928 12.1154914006273 -4.7669045851077 -124.74755016002 17.4816080382942 18.4949920375403 -27.2247934128738 6.20612163168729 -6.91402786290672 -28.6051460094643 8.44986593292464 -21.0637211454394 5.22296621990813 -0.0509090548163929 -18.8571106139498 -23.3
"15" 4.60223083358999e-15 3.20570611508903e-16 8.70017849457069e-15 -0.0000000000000331904645659439 -32.8604295646968 4.18958763362113e-15 -30.8893570253443 -27.6822116703328 -4.31835797030594 -33.2176965203274 -21.1636539117292 1.76363193381682 -126.443901582033 10.6976620933058 -5.61707711275273 -125.625097509891 17.1295458092469 19.1379600271115 -27.0836872964939 6.49904482987765 -7.31049162402761 -28.3558747681507 8.66438981448623 -21.4825210409668 5.31166424184155 -0.393349988153712 -19.0454711485109 -20
"16" -1.01707553053883e-15 8.94735819022494e-15 -8.81400809966691e-15 -0.0000000000000331904645659439 -32.8604295646968 4.18958763362113e-15 -30.7987530130523 -26.9834504692112 -3.67396922369125 -33.5712237270484 -20.5516942095467 2.31225027748823 -127.352234395405 9.47702143901895 -6.34631516253763 -126.444438310381 16.9026431631533 19.7537788656087 -26.9575870376173 6.71473091176669 -7.79837645551002 -28.1109291020828 8.85136692103632 -21.9845102662502 5.40543468737566 -0.6861462999322 -19.3114982586957 -16.7
"17" 5.21284487335585e-15 -8.45768943625081e-15 -2.00344019773415e-16 -0.0000000000000331904645659439 -32.8604295646968 4.18958763362113e-15 -30.6766885239912 -26.4144887398707 -3.19159077158524 -33.8584143929245 -20.0874683967963 2.70248831537002 -128.216953441924 8.55905369545642 -7.02444950937887 -127.090797010213 16.7369446980958 20.2701832128298 -26.880789488995 6.88671882266337 -8.19902045587818 -27.9255233522831 9.05384298261368 -22.388955753837 5.467247645008 -0.853395025916732 -19.5285791466736 -13.3
"18" -6.10614039765865e-16 8.77826004775971e-15 8.90052251434411e-15 -0.0000000000000331904645659439 -32.8604295646968 4.18958763362113e-15 -30.5896406222357 -26.0003096880356 -2.80151465616552 -34.0486022993988 -19.7815737096861 3.05087746650517 -128.958150646887 7.93564700505794 -7.70560720163615 -127.614238464533 16.604048958209 20.576016118547 -26.888137820117 7.09062971314055 -8.18320113937825 -27.9194022958813 9.40044114431988 -22.3517771716907 5.39657885326821 -0.791497065149196 -19.5963883962408 -10
"19" 0.0000000000000205055409251439 0.0000000000000196586161701919 -2.82845612164327e-16 -0.0000000000000331904645659439 -32.8604295646968 4.18958763362113e-15 -30.5550411042456 -25.6836728420834 -2.55451046360941 -34.1020870975581 -19.5823021180866 3.36910412966724 -129.565966841922 7.49925962090135 -8.39104102338825 -128.178123231688 16.5159075498839 20.6011171446113 -26.9583715043795 7.36762998089661 -7.61737211815542 -28.1118186298331 9.97203884309674 -21.725715653003 5.16776786791626 -0.4660102707985 -19.5010044369731 -6.7
"20" -6.10614039765865e-16 8.77826004775971e-15 8.90052251434411e-15 -0.0000000000000331904645659439 -32.8604295646968 4.18958763362113e-15 -30.5532420604196 -25.4212927646403 -2.56335062210597 -34.0402786967412 -19.442810833684 3.51936388197696 -130.090751221175 7.15142239140025 -9.041523626588 -128.86132180178 16.4533828693725 20.3331089765437 -27.0109524944144 7.67092343067875 -6.82482712712577 -28.3404307613968 10.6608248255027 -20.8406256215695 4.91786582863238 0.0265947332879515 -19.3465236772949 -3.3
"21" -4.4202875739343e-15 -4.06377645602854e-16 9.7544722442095e-17 -0.0000000000000331904645659439 -32.8604295646968 4.18958763362113e-15 -30.587456674721 -25.2868612019213 -2.73443576206013 -33.9959297046129 -19.3727088838764 3.4541954576414 -130.568760842207 6.86017318051708 -9.61251460669256 -129.536979102779 16.2344762599553 19.7553398981401 -26.9868481416046 7.9051365220459 -6.3954124464174 -28.4031199367464 11.2485848114753 -20.322418842201 4.84629969321763 0.5285165464988 -19.3150826565587 0
